BASELINE:
// solution (optimal) with objective 15786320
// Quality Incumbent solution:
// MILP objective                                 1.5786320000e+07
// MILP solution norm |x| (Total, Max)            3.46600e+03  6.50000e+01
// MILP solution error (Ax=b) (Total, Max)        0.00000e+00  0.00000e+00
// MILP x bound error (Total, Max)                0.00000e+00  0.00000e+00
// MILP x integrality error (Total, Max)          0.00000e+00  0.00000e+00
// MILP slack bound error (Total, Max)            0.00000e+00  0.00000e+00
// 

department = [[0
             0 0 0]
             [0 0 1 0]
             [1 0 1 1]
             [0 1 0 0]];
no_full_time = [[[0 0 0 0 0 0 0 0 0 0 0 0]
                 [0 0 0 0 0 0 0 0 0 0 0 0]
                 [0 0 0 0 0 0 0 0 0 0 0 0]
                 [0 0 0 0 0 0 0 0 0 0 0 0]]
             [[0 0 0 0 0 0 0 0 0 0 0 0]
                 [0 0 0 0 0 0 0 0 0 0 0 0]
                 [65 65 60 55 50 50 40 32 38 44 51 55]
                 [0 0 0 0 0 0 0 0 0 0 0 0]]
             [[50 50 40 37 30 36 43 43 35 36 43 44]
                 [0 0 0 0 0 0 0 0 0 0 0 0]
                 [65 65 65 65 65 65 60 48 57 65 65 65]
                 [65 65 65 65 60 65 65 65 64 65 56 45]]
             [[0 0 0 0 0 0 0 0 0 0 0 0]
                 [63 62 55 50 48 55 60 65 65 65 63 65]
                 [0 0 0 0 0 0 0 0 0 0 0 0]
                 [0 0 0 0 0 0 0 0 0 0 0 0]]];
no_part_time = [[[0 0 0 0 0 0 0 0 0 0 0 0]
                 [0 0 0 0 0 0 0 0 0 0 0 0]
                 [0 0 0 0 0 0 0 0 0 0 0 0]
                 [0 0 0 0 0 0 0 0 0 0 0 0]]
             [[0 0 0 0 0 0 0 0 0 0 0 0]
                 [0 0 0 0 0 0 0 0 0 0 0 0]
                 [0 0 0 0 0 0 0 0 0 0 0 0]
                 [0 0 0 0 0 0 0 0 0 0 0 0]]
             [[0 8 0 5 0 1 2 3 0 0 2 0]
                 [0 0 0 0 0 0 0 0 0 0 0 0]
                 [5 25 0 0 0 5 0 0 0 0 0 0]
                 [5 20 10 15 0 2 13 3 0 5 4 0]]
             [[0 0 0 0 0 0 0 0 0 0 0 0]
                 [0 0 0 0 0 0 0 0 10 15 0 0]
                 [0 0 0 0 0 0 0 0 0 0 0 0]
                 [0 0 0 0 0 0 0 0 0 0 0 0]]];

ALTERNATE:
// solution (optimal) with objective 16384410
// Quality Incumbent solution:
// MILP objective                                 1.6384410000e+07
// MILP solution norm |x| (Total, Max)            3.46800e+03  6.50000e+01
// MILP solution error (Ax=b) (Total, Max)        3.01981e-14  8.88178e-15
// MILP x bound error (Total, Max)                0.00000e+00  0.00000e+00
// MILP x integrality error (Total, Max)          8.88178e-15  8.88178e-15
// MILP slack bound error (Total, Max)            5.68434e-14  1.42109e-14
// 

department = [[0
             0 1 0]
             [0 0 1 0]
             [1 0 1 1]
             [0 1 1 0]];
no_full_time = [[[0 0 0 0 0 0 0 0 0 0 0 0]
                 [0 0 0 0 0 0 0 0 0 0 0 0]
                 [5 6 5 5 5 6 6 5 6 5 5 5]
                 [0 0 0 0 0 0 0 0 0 0 0 0]]
             [[0 0 0 0 0 0 0 0 0 0 0 0]
                 [0 0 0 0 0 0 0 0 0 0 0 0]
                 [5 6 5 5 5 6 6 5 6 5 5 5]
                 [0 0 0 0 0 0 0 0 0 0 0 0]]
             [[50 50 40 37 30 36 43 43 35 36 43 44]
                 [0 0 0 0 0 0 0 0 0 0 0 0]
                 [60 65 52 45 40 43 35 28 33 39 41 45]
                 [65 65 65 65 60 65 65 65 64 65 56 45]]
             [[0 0 0 0 0 0 0 0 0 0 0 0]
                 [63 62 55 50 48 55 60 65 65 65 63 65]
                 [65 65 63 65 65 65 52 42 50 60 65 65]
                 [0 0 0 0 0 0 0 0 0 0 0 0]]];
no_part_time = [[[0 0 0 0 0 0 0 0 0 0 0 0]
                 [0 0 0 0 0 0 0 0 0 0 0 0]
                 [0 0 0 0 0 0 0 0 0 0 0 0]
                 [0 0 0 0 0 0 0 0 0 0 0 0]]
             [[0 0 0 0 0 0 0 0 0 0 0 0]
                 [0 0 0 0 0 0 0 0 0 0 0 0]
                 [0 0 0 0 0 0 0 0 0 0 0 0]
                 [0 0 0 0 0 0 0 0 0 0 0 0]]
             [[0 8 0 5 0 1 2 3 0 0 2 0]
                 [0 0 0 0 0 0 0 0 0 0 0 0]
                 [0 0 0 0 0 0 0 0 0 0 0 0]
                 [5 20 10 15 0 2 13 3 0 5 4 0]]
             [[0 0 0 0 0 0 0 0 0 0 0 0]
                 [0 0 0 0 0 0 0 0 10 15 0 0]
                 [0 13 0 0 0 0 1 0 0 0 0 0]
                 [0 0 0 0 0 0 0 0 0 0 0 0]]];
